Wayback_Machine : 0.023808711787288658
International_Standard_Book_Number : 0.022170936904144695
Integrated_Authority_File : 0.018179823036369436
Digital_object_identifier : 0.01793608389142453
Library_of_Congress_Control_Number : 0.013309018875596625
Bibcode : 0.009884739442283281
PubMed_Identifier : 0.008182431912598296
National_Diet_Library : 0.00635454246948703
OCLC : 0.005823407275729981
Astronomy : 0.00578804878237198
Moon : 0.005275361318716221
PubMed_Central : 0.00508246740082088
Sun : 0.004883362380537979
Earth : 0.00487265010680494
Canada : 0.0048164122982569104
ArXiv : 0.004617691418018263
Solar_eclipse : 0.003292811482360349
United_Kingdom : 0.002987497690054727
NASA : 0.002903969357393085
Eclipse : 0.0026003998463312718
Solar_System : 0.0025514248473026777
France : 0.00203324165147415
Russia : 0.002013352843892888
India : 0.001954101085853674
Turkey : 0.001846046291534067
Cyprus : 0.0017376232640866375
Cambridge_University_Press : 0.0017163866289506733
Corona : 0.0016683861312837432
Germany : 0.0016341926893891619
Solar_wind : 0.0015709185289945258
Star : 0.0015184397575961478
Orbit_of_the_Moon : 0.0015000386911716344
BBC : 0.0014994512723280717
Natural_satellite : 0.0014729225831611901
Solar_eclipses_on_the_Moon : 0.001466050806687259
Sunlight : 0.00143766146733521
Romania : 0.0014272637036670862
International_Space_Station : 0.001408989375899449
Plasma_(physics) : 0.0013962936711525333
Solar_eclipse_of_August_11,_1999 : 0.0013960306195889452
Argentina : 0.0013567548454485854
Ecliptic : 0.001352617212275963
Lunar_eclipse : 0.001326662641448916
Lunar_node : 0.0013224830007470864
Transit_(astronomy) : 0.0013197494878507347
Kelvin : 0.001269777381761563
Bulgaria : 0.0012559262391924507
Temperature : 0.0012557526313524965
Full_moon : 0.001253039902614137
Magnetic_field : 0.0012527108356548055
