International_Standard_Book_Number : 0.021584749663960675
Digital_object_identifier : 0.013059324185324827
United_States : 0.01195607407909429
Wayback_Machine : 0.009695268024431863
English_language : 0.008568508021530792
Spanish_language : 0.008433616649896305
Wikidata : 0.0071301815166383955
Wikipedia : 0.006855019078949221
Geographic_coordinate_system : 0.006819553316645356
DMOZ : 0.006789492542576487
Canada : 0.00630453317369263
ISO_639-3 : 0.0062563538296711565
ISO_639-1 : 0.006214609331368376
French_language : 0.006078526521471353
ISO_639-2 : 0.005628109930477391
France : 0.005449317170456951
German_language : 0.005212066877560004
Spain : 0.00517134992343537
Unicode : 0.005056613871783366
Wikisource : 0.005035980402742448
European_Union : 0.004863848488098026
Linux : 0.004688742990616097
Latin : 0.004460881746449502
United_Kingdom : 0.004351029288031229
Malta : 0.0042068817979852265
Romance_languages : 0.004161863207207919
JSTOR : 0.004141818717689798
Italy : 0.004138158689020046
Mexico : 0.0039840715476254975
Italian_language : 0.003952010754398115
Morocco : 0.003943309798070299
Portuguese_language : 0.003868371100966455
Germany : 0.0037602889449447874
Argentina : 0.0037020415086814634
India : 0.0036895986435169273
United_Nations : 0.0034382772776750414
Indo-European_languages : 0.003418662198666639
Europe : 0.0032994382094973496
Philippines : 0.0032461100722214185
Brazil : 0.003207752497148526
Russia : 0.0030776268858083346
China : 0.002997786095729383
Portugal : 0.0029400602866479116
Australia : 0.0029286031345123467
Equator : 0.0028031091253568467
Germanic_languages : 0.0027118868930124055
New_Zealand : 0.002686412765514231
Japan : 0.0026688437693893367
Turkey : 0.002646897922286025
International_Phonetic_Alphabet : 0.0026353821645159385
